Rows:
1, 2, 2
9
2, 4
5, 3, 1
7, 7

2, 3, 8
1, 3, 3, 7
5, 3, 3, 4
2, 6, 9
1, 2, 2, 5, 3

4, 9
2, 4, 6
4, 4, 8
2, 3, 3, 9
1, 7, 9

9, 10
6, 3, 11
3, 7, 5, 5
1, 10, 11
3, 14, 4

23
19, 4
3, 19
1, 15, 4
14, 5

3, 9, 6
19
6, 2, 8
2, 16
1, 2, 2, 7, 2

1, 2, 9
1, 6
5
2, 1
2, 1

6
3, 3
3
6
3

Columns:
2, 2, 2, 3, 2, 2
2, 3, 2, 2, 3, 5
2, 3, 2, 13, 2
2, 2, 6, 4, 2, 4
2, 3, 17

2, 3, 6, 9, 2
3, 5, 17
5, 6, 10, 2
24, 1
25

12, 5, 1, 1
21
20
6, 7, 1, 2
20, 2

1, 16, 7, 2, 2
3, 23, 1, 2, 1
2, 19, 6, 1
2, 27
7, 9, 3, 4

8, 9, 5
3, 7, 12
11, 11
1, 2, 4, 9
1, 5
