Rows:
2, 2, 2
6, 4, 4, 1
10, 2, 7, 4
14, 2, 8, 6
4, 10, 4, 8, 4

3, 1, 9, 5, 9, 3
3, 2, 7, 5, 10, 1
2, 5, 5, 3, 1, 12
10, 1, 5, 13
1, 8, 2, 2, 1, 14

11, 1, 3, 15
4, 8, 4, 15
3, 15
1, 21
1, 21, 4

24, 4
21, 3
21, 3
20, 3
20, 3

19, 2
12, 5, 1
6, 2, 4
2, 2, 5
1, 2, 2, 2

1, 1, 2, 2
1, 1, 2, 2, 1
3, 4, 4
2, 1, 1
2

Columns:
6, 2
5, 3
4, 6
2, 5, 1, 2
2, 6, 1, 5

3, 8, 1, 1, 1
5, 9, 2, 1
5, 11, 2, 2
7, 15, 1
7, 14

7, 15
8, 17
6, 11, 1
6, 2, 10, 1
5, 1, 10, 1

1, 1, 11, 2
1, 18, 1, 1
22, 1
9, 11, 1
1, 3, 2, 9, 1

2, 3, 2, 8, 6
4, 3, 15
12, 11, 1
12, 14
11, 13

10, 9
10, 7
9, 5
8, 1
1, 7, 2

2, 7, 4
4, 6, 5
4, 5, 5
4, 5, 3
4, 4, 3
